75
0 3 1
0 4 1
0 5 9
0 6 8
0 7 1
0 8 5
0 9 1
0 10 1
0 11 3
0 12 4
0 13 2
0 14 6
0 15 4
0 16 3
0 17 4
0 18 8
0 19 2
0 20 4
0 21 9
0 22 2
0 23 3
0 24 9
0 25 1
0 26 1
0 27 4
0 28 7
0 29 6
0 30 6
0 31 8
0 32 5
0 33 2
0 34 4
0 35 6
0 36 9
0 37 5
0 38 2
0 39 2
0 40 2
0 41 1
0 42 2
0 43 6
0 44 6
0 45 1
0 46 6
0 47 1
0 48 4
0 49 8
0 50 9
0 51 5
0 52 9
0 53 7
0 54 3
0 55 9
0 56 8
0 57 2
0 58 5
0 59 1
0 60 7
0 61 1
0 62 5
0 63 5
0 64 4
0 65 6
0 66 8
0 67 3
0 68 4
0 69 6
0 70 3
0 71 7
0 72 2
0 73 6
0 74 6
1 0 6
1 1 3
1 2 7
1 3 7
1 4 2
1 5 5
1 6 7
1 7 1
1 8 1
1 9 4
1 10 1
1 11 3
1 12 4
1 13 5
1 14 9
1 15 8
1 16 2
1 17 3
1 18 6
1 19 5
1 20 2
1 21 7
1 22 5
1 23 4
1 24 9
1 25 9
1 26 8
1 27 7
1 28 4
1 29 7
1 30 2
1 31 8
1 32 3
1 33 9
1 34 5
1 35 3
1 36 9
1 37 3
1 38 9
1 39 6
1 40 1
1 41 2
1 42 6
1 43 4
1 44 1
1 45 7
1 46 9
1 47 9
1 48 1
1 49 7
1 50 3
1 51 8
1 52 8
1 53 1
1 54 6
1 55 8
1 56 3
1 57 7
1 58 1
1 59 3
1 60 5
1 61 7
1 62 8
1 63 4
1 64 5
1 65 5
1 66 2
1 67 8
1 68 6
1 69 4
1 70 5
1 71 1
1 72 3
1 73 9
1 74 9
2 0 6
2 1 4
2 2 6
2 3 6
2 4 5
2 5 8
2 6 3
2 7 1
2 8 2
2 9 8
2 10 4
2 11 4
2 12 1
2 13 5
2 14 6
2 15 7
2 16 2
2 17 1
2 18 2
2 19 6
2 20 3
2 21 6
2 22 1
2 23 7
2 24 1
2 25 4
2 26 5
2 27 9
2 28 5
2 29 4
2 30 5
2 31 8
2 32 6
2 33 1
2 34 5
2 35 8
2 36 9
2 37 3
2 38 3
2 39 9
2 40 9
2 41 7
2 42 7
2 43 8
2 44 3
2 45 3
2 46 4
2 47 5
2 48 8
2 49 9
2 50 9
2 51 5
2 52 3
2 53 5
2 54 2
2 55 3
2 56 9
2 57 2
2 58 3
2 59 3
2 60 3
2 61 8
2 62 1
2 63 6
2 64 8
2 65 4
2 66 3
2 67 6
2 68 1
2 69 3
2 70 8
2 71 6
2 72 8
2 73 2
2 74 7
3 0 1
3 1 3
3 2 4
3 3 5
3 4 4
3 5 3
3 6 6
3 7 1
3 8 2
3 9 6
3 10 3
3 11 2
3 12 1
3 13 3
3 14 5
3 15 6
3 16 8
3 17 3
3 18 5
3 19 9
3 20 5
3 21 1
3 22 6
3 23 9
3 24 8
3 25 7
3 26 2
3 27 8
3 28 7
3 29 6
3 30 6
3 31 2
3 32 4
3 33 9
3 34 5
3 35 2
3 36 5
3 37 8
3 38 4
3 39 5
3 40 1
3 41 1
3 42 6
3 43 3
3 44 4
3 45 7
3 46 9
3 47 7
3 48 2
3 49 4
3 50 3
3 51 1
3 52 8
3 53 7
3 54 5
3 55 9
3 56 3
3 57 7
3 58 5
3 59 5
3 60 9
3 61 6
3 62 1
3 63 5
3 64 9
3 65 8
3 66 5
3 67 8
3 68 8
3 69 7
3 70 7
3 71 5
3 72 9
3 73 9
3 74 6
4 0 1
4 1 4
4 2 8
4 3 1
4 4 6
4 5 3
4 6 7
4 7 6
4 8 5
4 9 2
4 10 4
4 11 2
4 12 1
4 13 3
4 14 8
4 15 2
4 16 5
4 17 6
4 18 9
4 19 2
4 20 4
4 21 5
4 22 3
4 23 9
4 24 4
4 25 1
4 26 7
4 27 1
4 28 3
4 29 8
4 30 4
4 31 9
4 32 5
4 33 4
4 34 9
4 35 2
4 36 8
4 37 5
4 38 9
4 39 8
4 40 8
4 41 7
4 42 8
4 43 6
4 44 4
4 45 7
4 46 9
4 47 5
4 48 5
4 49 7
4 50 5
4 51 6
4 52 5
4 53 4
4 54 7
4 55 9
4 56 5
4 57 4
4 58 8
4 59 1
4 60 3
4 61 1
4 62 1
4 63 1
4 64 7
4 65 6
4 66 2
4 67 7
4 68 8
4 69 6
4 70 3
4 71 3
4 72 9
4 73 1
4 74 7
5 0 3
5 1 8
5 2 9
5 3 2
5 4 1
5 5 6
5 6 7
5 7 6
5 8 8
5 9 9
5 10 8
5 11 4
5 12 8
5 13 3
5 14 6
5 15 1
5 16 4
5 17 6
5 18 2
5 19 8
5 20 7
5 21 8
5 22 6
5 23 3
5 24 1
5 25 1
5 26 2
5 27 6
5 28 2
5 29 8
5 30 7
5 31 4
5 32 5
5 33 7
5 34 1
5 35 1
5 36 5
5 37 4
5 38 3
5 39 7
5 40 3
5 41 9
5 42 9
5 43 3
5 44 5
5 45 8
5 46 8
5 47 5
5 48 8
5 49 1
5 50 6
5 51 8
5 52 5
5 53 1
5 54 6
5 55 2
5 56 9
5 57 8
5 58 1
5 59 8
5 60 3
5 61 2
5 62 3
5 63 2
5 64 8
5 65 1
5 66 5
5 67 8
5 68 1
5 69 3
5 70 5
5 71 2
5 72 5
5 73 5
5 74 3
6 0 7
6 1 4
6 2 9
6 3 3
6 4 4
6 5 2
6 6 3
6 7 2
6 8 2
6 9 3
6 10 7
6 11 3
6 12 9
6 13 7
6 14 6
6 15 5
6 16 6
6 17 9
6 18 9
6 19 7
6 20 2
6 21 1
6 22 9
6 23 8
6 24 8
6 25 3
6 26 5
6 27 1
6 28 8
6 29 1
6 30 9
6 31 3
6 32 5
6 33 9
6 34 2
6 35 5
6 36 5
6 37 6
6 38 4
6 39 7
6 40 9
6 41 6
6 42 1
6 43 4
6 44 7
6 45 3
6 46 9
6 47 2
6 48 3
6 49 3
6 50 6
6 51 4
6 52 2
6 53 4
6 54 9
6 55 8
6 56 1
6 57 4
6 58 1
6 59 7
6 60 5
6 61 3
6 62 9
6 63 8
6 64 4
6 65 6
6 66 5
6 67 8
6 68 4
6 69 5
6 70 3
6 71 4
6 72 3
6 73 3
6 74 4
7 0 9
7 1 1
7 2 5
7 3 3
7 4 9
7 5 8
7 6 5
7 7 5
7 8 3
7 9 4
7 10 4
7 11 7
7 12 6
7 13 9
7 14 4
7 15 2
7 16 8
7 17 4
7 18 2
7 19 4
7 20 1
7 21 5
7 22 4
7 23 4
7 24 6
7 25 6
7 26 7
7 27 2
7 28 3
7 29 9
7 30 9
7 31 6
7 32 6
7 33 6
7 34 3
7 35 6
7 36 8
7 37 4
7 38 8
7 39 9
7 40 4
7 41 8
7 42 2
7 43 9
7 44 8
7 45 5
7 46 1
7 47 4
7 48 7
7 49 1
7 50 9
7 51 7
7 52 5
7 53 8
7 54 1
7 55 6
7 56 4
7 57 1
7 58 3
7 59 9
7 60 4
7 61 6
7 62 3
7 63 4
7 64 3
7 65 5
7 66 6
7 67 1
7 68 2
7 69 6
7 70 4
7 71 5
7 72 7
7 73 1
7 74 8
8 0 4
8 1 1
8 2 5
8 3 4
8 4 8
8 5 9
8 6 4
8 7 7
8 8 1
8 9 3
8 10 8
8 11 2
8 12 9
8 13 3
8 14 8
8 15 6
8 16 9
8 17 2
8 18 3
8 19 1
8 20 6
8 21 5
8 22 2
8 23 2
8 24 3
8 25 6
8 26 2
8 27 7
8 28 3
8 29 1
8 30 7
8 31 1
8 32 3
8 33 8
8 34 2
8 35 6
8 36 3
8 37 6
8 38 1
8 39 1
8 40 8
8 41 6
8 42 1
8 43 6
8 44 4
8 45 2
8 46 4
8 47 8
8 48 8
8 49 3
8 50 3
8 51 9
8 52 3
8 53 6
8 54 7
8 55 3
8 56 8
8 57 9
8 58 1
8 59 7
8 60 7
8 61 4
8 62 8
8 63 8
8 64 9
8 65 9
8 66 5
8 67 1
8 68 7
8 69 6
8 70 1
8 71 3
8 72 4
8 73 9
8 74 9
9 0 9
9 1 3
9 2 1
9 3 1
9 4 5
9 5 6
9 6 9
9 7 1
9 8 6
9 9 6
9 10 2
9 11 6
9 12 1
9 13 6
9 14 3
9 15 1
9 16 6
9 17 1
9 18 9
9 19 4
9 20 4
9 21 6
9 22 8
9 23 5
9 24 1
9 25 6
9 26 4
9 27 9
9 28 4
9 29 8
9 30 1
9 31 9
9 32 4
9 33 7
9 34 3
9 35 9
9 36 4
9 37 7
9 38 2
9 39 8
9 40 4
9 41 5
9 42 7
9 43 8
9 44 5
9 45 1
9 46 1
9 47 5
9 48 1
9 49 5
9 50 6
9 51 1
9 52 8
9 53 9
9 54 9
9 55 8
9 56 6
9 57 8
9 58 6
9 59 8
9 60 1
9 61 6
9 62 2
9 63 3
9 64 3
9 65 6
9 66 9
9 67 4
9 68 7
9 69 6
9 70 3
9 71 3
9 72 2
9 73 2
9 74 7
10 0 6
10 1 1
10 2 9
10 3 2
10 4 1
10 5 4
10 6 8
10 7 3
10 8 2
10 9 4
10 10 2
10 11 9
10 12 4
10 13 4
10 14 8
10 15 5
10 16 9
10 17 6
10 18 1
10 19 4
10 20 5
10 21 1
10 22 8
10 23 7
10 24 4
10 25 3
10 26 9
10 27 6
10 28 1
10 29 2
10 30 8
10 31 9
10 32 1
10 33 1
10 34 5
10 35 9
10 36 5
10 37 5
10 38 4
10 39 1
10 40 3
10 41 5
10 42 7
10 43 7
10 44 8
10 45 8
10 46 4
10 47 3
10 48 5
10 49 1
10 50 1
10 51 4
10 52 2
10 53 5
10 54 8
10 55 2
10 56 1
10 57 3
10 58 6
10 59 6
10 60 4
10 61 2
10 62 5
10 63 9
10 64 4
10 65 6
10 66 7
10 67 4
10 68 6
10 69 2
10 70 6
10 71 9
10 72 6
10 73 6
10 74 4
11 0 8
11 1 8
11 2 5
11 3 2
11 4 4
11 5 1
11 6 6
11 7 5
11 8 3
11 9 4
11 10 7
11 11 2
11 12 3
11 13 8
11 14 2
11 15 2
11 16 2
11 17 3
11 18 6
11 19 7
11 20 8
11 21 4
11 22 2
11 23 2
11 24 3
11 25 4
11 26 7
11 27 8
11 28 3
11 29 1
11 30 8
11 31 1
11 32 3
11 33 7
11 34 4
11 35 3
11 36 4
11 37 9
11 38 8
11 39 4
11 40 6
11 41 5
11 42 7
11 43 9
11 44 8
11 45 8
11 46 8
11 47 7
11 48 5
11 49 6
11 50 5
11 51 5
11 52 3
11 53 2
11 54 7
11 55 3
11 56 1
11 57 2
11 58 9
11 59 9
11 60 5
11 61 3
11 62 9
11 63 1
11 64 7
11 65 1
11 66 3
11 67 4
11 68 4
11 69 9
11 70 6
11 71 1
11 72 3
11 73 6
11 74 7
12 0 6
12 1 2
12 2 9
12 3 6
12 4 2
12 5 5
12 6 6
12 7 5
12 8 6
12 9 4
12 10 2
12 11 4
12 12 4
12 13 7
12 14 8
12 15 5
12 16 5
12 17 7
12 18 1
12 19 3
12 20 9
12 21 9
12 22 2
12 23 8
12 24 2
12 25 7
12 26 4
12 27 8
12 28 5
12 29 9
12 30 6
12 31 2
12 32 4
12 33 8
12 34 8
12 35 4
12 36 2
12 37 1
12 38 2
12 39 9
12 40 4
12 41 8
12 42 4
12 43 3
12 44 6
12 45 4
12 46 5
12 47 1
12 48 1
12 49 7
12 50 6
12 51 4
12 52 8
12 53 6
12 54 1
12 55 5
12 56 4
12 57 7
12 58 4
12 59 9
12 60 5
12 61 3
12 62 6
12 63 2
12 64 8
12 65 8
12 66 3
12 67 1
12 68 6
12 69 9
12 70 7
12 71 1
12 72 9
12 73 4
12 74 1
13 0 8
13 1 3
13 2 7
13 3 3
13 4 7
13 5 5
13 6 1
13 7 6
13 8 9
13 9 2
13 10 2
13 11 7
13 12 6
13 13 3
13 14 7
13 15 8
13 16 5
13 17 4
13 18 9
13 19 4
13 20 9
13 21 5
13 22 9
13 23 9
13 24 2
13 25 9
13 26 5
13 27 8
13 28 1
13 29 4
13 30 9
13 31 4
13 32 7
13 33 1
13 34 4
13 35 8
13 36 6
13 37 1
13 38 3
13 39 2
13 40 8
13 41 8
13 42 8
13 43 6
13 44 4
13 45 7
13 46 9
13 47 9
13 48 5
13 49 7
13 50 9
13 51 9
13 52 6
13 53 5
13 54 8
13 55 4
13 56 5
13 57 6
13 58 8
13 59 8
13 60 4
13 61 5
13 62 7
13 63 5
13 64 8
13 65 5
13 66 9
13 67 8
13 68 8
13 69 7
13 70 7
13 71 9
13 72 8
13 73 4
13 74 2
14 0 1
14 1 2
14 2 5
14 3 2
14 4 1
14 5 9
14 6 5
14 7 6
14 8 8
14 9 8
14 10 3
14 11 4
14 12 1
14 13 6
14 14 1
14 15 4
14 16 8
14 17 7
14 18 8
14 19 2
14 20 7
14 21 8
14 22 4
14 23 7
14 24 7
14 25 3
14 26 2
14 27 9
14 28 3
14 29 1
14 30 2
14 31 6
14 32 9
14 33 7
14 34 2
14 35 1
14 36 5
14 37 9
14 38 2
14 39 7
14 40 7
14 41 6
14 42 6
14 43 1
14 44 2
14 45 4
14 46 9
14 47 6
14 48 8
14 49 6
14 50 4
14 51 2
14 52 4
14 53 4
14 54 4
14 55 4
14 56 5
14 57 2
14 58 7
14 59 9
14 60 4
14 61 7
14 62 4
14 63 9
14 64 7
14 65 2
14 66 5
14 67 6
14 68 7
14 69 7
14 70 1
14 71 7
14 72 1
14 73 1
14 74 6
15 0 2
15 1 9
15 2 3
15 3 3
15 4 1
15 5 2
15 6 7
15 7 8
15 8 1
15 9 8
15 10 1
15 11 2
15 12 2
15 13 8
15 14 6
15 15 8
15 16 7
15 17 6
15 18 9
15 19 4
15 20 6
15 21 8
15 22 7
15 23 9
15 24 3
15 25 4
15 26 9
15 27 2
15 28 6
15 29 1
15 30 5
15 31 8
15 32 3
15 33 6
15 34 7
15 35 6
15 36 8
15 37 4
15 38 4
15 39 2
15 40 7
15 41 4
15 42 5
15 43 7
15 44 8
15 45 3
15 46 8
15 47 1
15 48 8
15 49 6
15 50 7
15 51 4
15 52 4
15 53 3
15 54 6
15 55 8
15 56 4
15 57 6
15 58 1
15 59 3
15 60 2
15 61 4
15 62 8
15 63 4
15 64 3
15 65 3
15 66 2
15 67 9
15 68 8
15 69 5
15 70 7
15 71 2
15 72 1
15 73 4
15 74 8
16 0 8
16 1 6
16 2 6
16 3 1
16 4 6
16 5 4
16 6 9
16 7 1
16 8 1
16 9 1
16 10 6
16 11 7
16 12 2
16 13 6
16 14 6
16 15 6
16 16 2
16 17 1
16 18 9
16 19 7
16 20 5
16 21 5
16 22 8
16 23 9
16 24 7
16 25 1
16 26 2
16 27 7
16 28 3
16 29 7
16 30 6
16 31 1
16 32 7
16 33 5
16 34 5
16 35 8
16 36 7
16 37 3
16 38 6
16 39 4
16 40 3
16 41 7
16 42 9
16 43 6
16 44 1
16 45 5
16 46 2
16 47 8
16 48 6
16 49 4
16 50 8
16 51 8
16 52 4
16 53 8
16 54 7
16 55 2
16 56 8
16 57 5
16 58 7
16 59 9
16 60 6
16 61 7
16 62 4
16 63 5
16 64 1
16 65 2
16 66 8
16 67 5
16 68 1
16 69 8
16 70 3
16 71 2
16 72 5
16 73 9
16 74 5
17 0 5
17 1 6
17 2 7
17 3 3
17 4 6
17 5 5
17 6 9
17 7 1
17 8 1
17 9 1
17 10 5
17 11 5
17 12 1
17 13 7
17 14 7
17 15 9
17 16 9
17 17 7
17 18 5
17 19 5
17 20 9
17 21 2
17 22 8
17 23 7
17 24 2
17 25 8
17 26 9
17 27 4
17 28 8
17 29 8
17 30 4
17 31 3
17 32 5
17 33 5
17 34 7
17 35 1
17 36 3
17 37 1
17 38 7
17 39 1
17 40 2
17 41 5
17 42 4
17 43 4
17 44 9
17 45 8
17 46 6
17 47 7
17 48 6
17 49 8
17 50 8
17 51 1
17 52 9
17 53 3
17 54 5
17 55 4
17 56 6
17 57 7
17 58 9
17 59 1
17 60 4
17 61 4
17 62 8
17 63 8
17 64 7
17 65 9
17 66 4
17 67 2
17 68 6
17 69 2
17 70 2
17 71 6
17 72 8
17 73 6
17 74 6
18 0 8
18 1 2
18 2 3
18 3 5
18 4 5
18 5 8
18 6 9
18 7 7
18 8 4
18 9 8
18 10 8
18 11 3
18 12 2
18 13 9
18 14 9
18 15 4
18 16 9
18 17 1
18 18 1
18 19 5
18 20 6
18 21 6
18 22 3
18 23 3
18 24 9
18 25 6
18 26 4
18 27 4
18 28 4
18 29 4
18 30 8
18 31 7
18 32 3
18 33 5
18 34 2
18 35 7
18 36 9
18 37 2
18 38 1
18 39 4
18 40 7
18 41 6
18 42 2
18 43 5
18 44 8
18 45 3
18 46 2
18 47 6
18 48 9
18 49 4
18 50 5
18 51 9
18 52 4
18 53 9
18 54 2
18 55 2
18 56 1
18 57 9
18 58 6
18 59 5
18 60 5
18 61 4
18 62 7
18 63 5
18 64 2
18 65 2
18 66 8
18 67 7
18 68 7
18 69 6
18 70 6
18 71 1
18 72 9
18 73 2
18 74 3
19 0 8
19 1 5
19 2 1
19 3 1
19 4 6
19 5 4
19 6 3
19 7 2
19 8 2
19 9 5
19 10 2
19 11 4
19 12 8
19 13 5
19 14 8
19 15 9
19 16 2
19 17 5
19 18 5
19 19 9
19 20 2
19 21 1
19 22 6
19 23 9
19 24 1
19 25 1
19 26 5
19 27 8
19 28 1
19 29 3
19 30 6
19 31 4
19 32 2
19 33 7
19 34 3
19 35 9
19 36 9
19 37 8
19 38 2
19 39 6
19 40 6
19 41 4
19 42 3
19 43 1
19 44 1
19 45 7
19 46 5
19 47 5
19 48 3
19 49 8
19 50 7
19 51 9
19 52 3
19 53 7
19 54 9
19 55 1
19 56 2
19 57 7
19 58 5
19 59 8
19 60 1
19 61 2
19 62 5
19 63 4
19 64 5
19 65 9
19 66 1
19 67 5
19 68 6
19 69 2
19 70 9
19 71 7
19 72 4
19 73 1
19 74 2
20 0 9
20 1 3
20 2 2
20 3 9
20 4 3
20 5 5
20 6 9
20 7 3
20 8 1
20 9 3
20 10 6
20 11 7
20 12 7
20 13 2
20 14 4
20 15 3
20 16 3
20 17 3
20 18 5
20 19 6
20 20 5
20 21 7
20 22 4
20 23 5
20 24 5
20 25 7
20 26 5
20 27 6
20 28 8
20 29 9
20 30 6
20 31 7
20 32 2
20 33 5
20 34 8
20 35 2
20 36 3
20 37 8
20 38 8
20 39 1
20 40 3
20 41 7
20 42 5
20 43 9
20 44 9
20 45 5
20 46 4
20 47 9
20 48 8
20 49 9
20 50 7
20 51 3
20 52 5
20 53 4
20 54 1
20 55 5
20 56 7
20 57 4
20 58 4
20 59 8
20 60 8
20 61 7
20 62 3
20 63 2
20 64 4
20 65 6
20 66 9
20 67 3
20 68 6
20 69 6
20 70 5
20 71 4
20 72 2
20 73 6
20 74 3
21 0 1
21 1 6
21 2 5
21 3 9
21 4 9
21 5 7
21 6 6
21 7 4
21 8 4
21 9 6
21 10 9
21 11 4
21 12 9
21 13 1
21 14 8
21 15 1
21 16 2
21 17 3
21 18 6
21 19 8
21 20 8
21 21 8
21 22 8
21 23 3
21 24 5
21 25 7
21 26 9
21 27 7
21 28 9
21 29 4
21 30 4
21 31 3
21 32 8
21 33 4
21 34 7
21 35 7
21 36 3
21 37 7
21 38 5
21 39 7
21 40 8
21 41 5
21 42 5
21 43 2
21 44 8
21 45 1
21 46 6
21 47 1
21 48 3
21 49 9
21 50 8
21 51 9
21 52 2
21 53 1
21 54 8
21 55 2
21 56 5
21 57 6
21 58 7
21 59 5
21 60 8
21 61 1
21 62 8
21 63 1
21 64 3
21 65 8
21 66 5
21 67 1
21 68 3
21 69 2
21 70 4
21 71 5
21 72 8
21 73 8
21 74 2
22 0 8
22 1 7
22 2 7
22 3 8
22 4 9
22 5 4
22 6 1
22 7 7
22 8 6
22 9 6
22 10 2
22 11 8
22 12 9
22 13 8
22 14 6
22 15 4
22 16 2
22 17 3
22 18 7
22 19 7
22 20 2
22 21 5
22 22 2
22 23 1
22 24 3
22 25 8
22 26 7
22 27 8
22 28 9
22 29 2
22 30 2
22 31 4
22 32 5
22 33 3
22 34 2
22 35 5
22 36 1
22 37 5
22 38 9
22 39 6
22 40 6
22 41 7
22 42 9
22 43 8
22 44 9
22 45 4
22 46 5
22 47 2
22 48 1
22 49 1
22 50 6
22 51 7
22 52 6
22 53 6
22 54 7
22 55 7
22 56 5
22 57 7
22 58 4
22 59 7
22 60 7
22 61 3
22 62 3
22 63 5
22 64 9
22 65 8
22 66 6
22 67 8
22 68 8
22 69 9
22 70 9
22 71 1
22 72 2
22 73 9
22 74 4
23 0 8
23 1 7
23 2 4
23 3 8
23 4 9
23 5 3
23 6 1
23 7 9
23 8 5
23 9 9
23 10 2
23 11 9
23 12 9
23 13 3
23 14 5
23 15 8
23 16 3
23 17 7
23 18 6
23 19 6
23 20 5
23 21 2
23 22 4
23 23 3
23 24 8
23 25 3
23 26 5
23 27 7
23 28 7
23 29 4
23 30 3
23 31 2
23 32 2
23 33 7
23 34 1
23 35 4
23 36 9
23 37 1
23 38 1
23 39 2
23 40 2
23 41 3
23 42 9
23 43 5
23 44 7
23 45 9
23 46 2
23 47 3
23 48 1
23 49 6
23 50 7
23 51 4
23 52 6
23 53 9
23 54 6
23 55 5
23 56 5
23 57 5
23 58 7
23 59 2
23 60 3
23 61 1
23 62 4
23 63 8
23 64 4
23 65 7
23 66 8
23 67 3
23 68 4
23 69 5
23 70 5
23 71 4
23 72 1
23 73 7
23 74 2
24 0 2
24 1 9
24 2 2
24 3 4
24 4 7
24 5 6
24 6 4
24 7 4
24 8 5
24 9 5
24 10 4
24 11 6
24 12 8
24 13 8
24 14 9
24 15 1
24 16 6
24 17 6
24 18 6
24 19 3
24 20 7
24 21 9
24 22 4
24 23 8
24 24 5
24 25 1
24 26 2
24 27 9
24 28 6
24 29 3
24 30 3
24 31 2
24 32 8
24 33 1
24 34 9
24 35 3
24 36 2
24 37 6
24 38 4
24 39 4
24 40 6
24 41 8
24 42 1
24 43 1
24 44 2
24 45 2
24 46 7
24 47 5
24 48 1
24 49 4
24 50 8
24 51 1
24 52 2
24 53 7
24 54 2
24 55 6
24 56 5
24 57 2
24 58 8
24 59 6
24 60 7
24 61 9
24 62 4
24 63 7
24 64 9
24 65 8
24 66 2
24 67 8
24 68 4
24 69 7
24 70 1
24 71 2
24 72 4
24 73 7
24 74 8
25 0 4
25 1 5
25 2 4
25 3 9
25 4 1
25 5 7
25 6 6
25 7 2
25 8 9
25 9 2
25 10 7
25 11 9
25 12 2
25 13 9
25 14 1
25 15 9
25 16 9
25 17 6
25 18 7
25 19 5
25 20 7
25 21 9
25 22 8
25 23 4
25 24 1
25 25 1
25 26 8
25 27 5
25 28 4
25 29 9
25 30 8
25 31 1
25 32 7
25 33 5
25 34 2
25 35 6
25 36 5
25 37 5
25 38 1
25 39 7
25 40 5
25 41 8
25 42 9
25 43 6
25 44 7
25 45 9
25 46 7
25 47 4
25 48 8
25 49 4
25 50 6
25 51 9
25 52 8
25 53 3
25 54 1
25 55 2
25 56 3
25 57 6
25 58 8
25 59 1
25 60 9
25 61 7
25 62 3
25 63 5
25 64 1
25 65 9
25 66 2
25 67 8
25 68 5
25 69 2
25 70 7
25 71 7
25 72 7
25 73 1
25 74 9
26 0 3
26 1 1
26 2 7
26 3 3
26 4 6
26 5 4
26 6 5
26 7 5
26 8 7
26 9 9
26 10 1
26 11 6
26 12 8
26 13 1
26 14 1
26 15 1
26 16 9
26 17 5
26 18 2
26 19 7
26 20 6
26 21 9
26 22 5
26 23 9
26 24 6
26 25 3
26 26 3
26 27 1
26 28 7
26 29 8
26 30 3
26 31 8
26 32 4
26 33 7
26 34 2
26 35 4
26 36 5
26 37 4
26 38 2
26 39 4
26 40 1
26 41 5
26 42 7
26 43 7
26 44 5
26 45 8
26 46 8
26 47 9
26 48 8
26 49 3
26 50 8
26 51 8
26 52 8
26 53 1
26 54 1
26 55 2
26 56 5
26 57 9
26 58 2
26 59 2
26 60 8
26 61 2
26 62 5
26 63 3
26 64 9
26 65 1
26 66 7
26 67 6
26 68 9
26 69 9
26 70 5
26 71 8
26 72 6
26 73 2
26 74 3
27 0 6
27 1 6
27 2 5
27 3 3
27 4 2
27 5 2
27 6 5
27 7 9
27 8 1
27 9 9
27 10 6
27 11 7
27 12 4
27 13 9
27 14 8
27 15 6
27 16 9
27 17 8
27 18 3
27 19 3
27 20 4
27 21 1
27 22 6
27 23 8
27 24 6
27 25 8
27 26 8
27 27 1
27 28 3
27 29 6
27 30 1
27 31 6
27 32 5
27 33 9
27 34 8
27 35 7
27 36 9
27 37 5
27 38 5
27 39 6
27 40 2
27 41 7
27 42 4
27 43 5
27 44 5
27 45 5
27 46 6
27 47 7
27 48 2
27 49 1
27 50 1
27 51 9
27 52 9
27 53 9
27 54 4
27 55 5
27 56 9
27 57 5
27 58 4
27 59 4
27 60 6
27 61 6
27 62 9
27 63 8
27 64 5
27 65 4
27 66 9
27 67 5
27 68 1
27 69 2
27 70 9
27 71 3
27 72 2
27 73 5
27 74 8
28 0 4
28 1 8
28 2 1
28 3 6
28 4 8
28 5 2
28 6 3
28 7 9
28 8 3
28 9 6
28 10 1
28 11 6
28 12 3
28 13 6
28 14 7
28 15 9
28 16 8
28 17 3
28 18 5
28 19 5
28 20 1
28 21 1
28 22 8
28 23 7
28 24 5
28 25 5
28 26 3
28 27 8
28 28 2
28 29 4
28 30 4
28 31 8
28 32 9
28 33 6
28 34 7
28 35 2
28 36 2
28 37 9
28 38 4
28 39 3
28 40 1
28 41 8
28 42 8
28 43 3
28 44 6
28 45 6
28 46 2
28 47 2
28 48 7
28 49 7
28 50 3
28 51 7
28 52 1
28 53 9
28 54 5
28 55 4
28 56 5
28 57 6
28 58 8
28 59 1
28 60 4
28 61 7
28 62 1
28 63 6
28 64 2
28 65 8
28 66 7
28 67 4
28 68 5
28 69 4
28 70 7
28 71 8
28 72 7
28 73 9
28 74 7
29 0 7
29 1 2
29 2 8
29 3 4
29 4 2
29 5 9
29 6 4
29 7 1
29 8 2
29 9 6
29 10 2
29 11 2
29 12 8
29 13 4
29 14 3
29 15 8
29 16 8
29 17 4
29 18 8
29 19 5
29 20 7
29 21 4
29 22 1
29 23 4
29 24 1
29 25 8
29 26 2
29 27 9
29 28 1
29 29 5
29 30 1
29 31 6
29 32 4
29 33 5
29 34 1
29 35 1
29 36 2
29 37 5
29 38 5
29 39 7
29 40 1
29 41 6
29 42 4
29 43 6
29 44 9
29 45 9
29 46 9
29 47 7
29 48 7
29 49 7
29 50 5
29 51 8
29 52 1
29 53 1
29 54 4
29 55 9
29 56 9
29 57 7
29 58 9
29 59 6
29 60 7
29 61 1
29 62 4
29 63 3
29 64 1
29 65 6
29 66 1
29 67 5
29 68 4
29 69 4
29 70 1
29 71 7
29 72 6
29 73 7
29 74 8
30 0 3
30 1 4
30 2 1
30 3 6
30 4 6
30 5 1
30 6 5
30 7 4
30 8 4
30 9 9
30 10 7
30 11 1
30 12 4
30 13 4
30 14 6
30 15 9
30 16 8
30 17 4
30 18 3
30 19 5
30 20 2
30 21 3
30 22 4
30 23 2
30 24 6
30 25 3
30 26 7
30 27 2
30 28 5
30 29 8
30 30 7
30 31 7
30 32 3
30 33 8
30 34 2
30 35 3
30 36 9
30 37 3
30 38 6
30 39 5
30 40 8
30 41 4
30 42 2
30 43 4
30 44 9
30 45 1
30 46 1
30 47 8
30 48 5
30 49 2
30 50 6
30 51 1
30 52 9
30 53 5
30 54 9
30 55 6
30 56 3
30 57 3
30 58 6
30 59 4
30 60 5
30 61 3
30 62 7
30 63 4
30 64 8
30 65 3
30 66 6
30 67 2
30 68 2
30 69 8
30 70 4
30 71 3
30 72 3
30 73 3
30 74 1
31 0 7
31 1 1
31 2 6
31 3 4
31 4 7
31 5 7
31 6 8
31 7 3
31 8 5
31 9 1
31 10 4
31 11 9
31 12 3
31 13 7
31 14 9
31 15 9
31 16 8
31 17 5
31 18 7
31 19 1
31 20 7
31 21 3
31 22 7
31 23 5
31 24 7
31 25 9
31 26 6
31 27 6
31 28 2
31 29 8
31 30 6
31 31 6
31 32 1
31 33 5
31 34 1
31 35 8
31 36 2
31 37 4
31 38 9
31 39 2
31 40 6
31 41 2
31 42 8
31 43 7
31 44 2
31 45 1
31 46 9
31 47 3
31 48 1
31 49 1
31 50 6
31 51 6
31 52 5
31 53 6
31 54 3
31 55 2
31 56 7
31 57 5
31 58 2
31 59 7
31 60 1
31 61 7
31 62 9
31 63 4
31 64 1
31 65 4
31 66 9
31 67 5
31 68 7
31 69 1
31 70 3
31 71 8
31 72 3
31 73 8
31 74 6
32 0 7
32 1 5
32 2 8
32 3 1
32 4 9
32 5 4
32 6 2
32 7 5
32 8 7
32 9 6
32 10 5
32 11 2
32 12 7
32 13 3
32 14 9
32 15 7
32 16 5
32 17 5
32 18 4
32 19 5
32 20 7
32 21 8
32 22 4
32 23 2
32 24 6
32 25 5
32 26 8
32 27 2
32 28 8
32 29 8
32 30 6
32 31 3
32 32 5
32 33 9
32 34 5
32 35 8
32 36 4
32 37 4
32 38 2
32 39 6
32 40 5
32 41 4
32 42 1
32 43 6
32 44 9
32 45 1
32 46 3
32 47 7
32 48 5
32 49 7
32 50 4
32 51 1
32 52 9
32 53 4
32 54 9
32 55 2
32 56 6
32 57 9
32 58 1
32 59 3
32 60 4
32 61 7
32 62 6
32 63 9
32 64 9
32 65 9
32 66 1
32 67 5
32 68 5
32 69 9
32 70 4
32 71 1
32 72 5
32 73 3
32 74 5
33 0 3
33 1 8
33 2 3
33 3 6
33 4 5
33 5 3
33 6 2
33 7 6
33 8 7
33 9 4
33 10 2
33 11 5
33 12 1
33 13 5
33 14 4
33 15 1
33 16 3
33 17 2
33 18 9
33 19 6
33 20 5
33 21 9
33 22 8
33 23 4
33 24 7
33 25 3
33 26 7
33 27 8
33 28 7
33 29 9
33 30 8
33 31 7
33 32 7
33 33 6
33 34 6
33 35 4
33 36 2
33 37 3
33 38 1
33 39 2
33 40 2
33 41 2
33 42 4
33 43 4
33 44 6
33 45 9
33 46 1
33 47 1
33 48 1
33 49 6
33 50 2
33 51 5
33 52 5
33 53 1
33 54 7
33 55 5
33 56 4
33 57 8
33 58 5
33 59 4
33 60 1
33 61 3
33 62 3
33 63 6
33 64 3
33 65 3
33 66 4
33 67 1
33 68 7
33 69 1
33 70 7
33 71 8
33 72 8
33 73 5
33 74 2
34 0 5
34 1 7
34 2 9
34 3 2
34 4 4
34 5 2
34 6 6
34 7 4
34 8 1
34 9 2
34 10 8
34 11 9
34 12 9
34 13 4
34 14 6
34 15 2
34 16 4
34 17 5
34 18 1
34 19 8
34 20 8
34 21 2
34 22 2
34 23 6
34 24 8
34 25 7
34 26 1
34 27 4
34 28 3
34 29 3
34 30 9
34 31 7
34 32 9
34 33 8
34 34 3
34 35 6
34 36 2
34 37 1
34 38 7
34 39 4
34 40 8
34 41 5
34 42 7
34 43 2
34 44 1
34 45 7
34 46 5
34 47 4
34 48 3
34 49 7
34 50 1
34 51 3
34 52 9
34 53 5
34 54 4
34 55 3
34 56 2
34 57 7
34 58 7
34 59 8
34 60 2
34 61 8
34 62 5
34 63 1
34 64 4
34 65 9
34 66 4
34 67 8
34 68 2
34 69 5
34 70 1
34 71 3
34 72 4
34 73 4
34 74 6
35 0 2
35 1 8
35 2 5
35 3 3
35 4 8
35 5 1
35 6 7
35 7 4
35 8 4
35 9 7
35 10 3
35 11 6
35 12 7
35 13 2
35 14 9
35 15 6
35 16 9
35 17 8
35 18 4
35 19 4
35 20 5
35 21 8
35 22 4
35 23 7
35 24 9
35 25 2
35 26 1
35 27 4
35 28 9
35 29 9
35 30 5
35 31 7
35 32 8
35 33 1
35 34 2
35 35 9
35 36 7
35 37 7
35 38 9
35 39 3
35 40 5
35 41 2
35 42 1
35 43 3
35 44 5
35 45 5
35 46 1
35 47 3
35 48 5
35 49 5
35 50 8
35 51 8
35 52 8
35 53 2
35 54 8
35 55 5
35 56 2
35 57 3
35 58 5
35 59 9
35 60 7
35 61 7
35 62 6
35 63 5
35 64 2
35 65 1
35 66 4
35 67 1
35 68 6
35 69 8
35 70 8
35 71 7
35 72 9
35 73 5
35 74 6
36 0 9
36 1 3
36 2 5
36 3 8
36 4 7
36 5 5
36 6 5
36 7 3
36 8 8
36 9 7
36 10 4
36 11 3
36 12 1
36 13 4
36 14 6
36 15 9
36 16 8
36 17 1
36 18 8
36 19 5
36 20 9
36 21 8
36 22 4
36 23 3
36 24 3
36 25 1
36 26 6
36 27 9
36 28 9
36 29 9
36 30 1
36 31 7
36 32 9
36 33 8
36 34 9
36 35 7
36 36 3
36 37 8
36 38 9
36 39 3
36 40 1
36 41 5
36 42 5
36 43 7
36 44 1
36 45 5
36 46 3
36 47 1
36 48 6
36 49 2
36 50 2
36 51 9
36 52 3
36 53 1
36 54 9
36 55 8
36 56 3
36 57 7
36 58 6
36 59 9
36 60 3
36 61 9
36 62 8
36 63 9
36 64 6
36 65 7
36 66 2
36 67 6
36 68 3
36 69 1
36 70 3
36 71 9
36 72 7
36 73 8
36 74 2
37 0 7
37 1 6
37 2 3
37 3 3
37 4 1
37 5 2
37 6 2
37 7 3
37 8 1
37 9 4
37 10 9
37 11 1
37 12 7
37 13 8
37 14 7
37 15 1
37 16 6
37 17 4
37 18 3
37 19 1
37 20 9
37 21 7
37 22 7
37 23 1
37 24 1
37 25 5
37 26 8
37 27 5
37 28 6
37 29 9
37 30 5
37 31 3
37 32 4
37 33 4
37 34 1
37 35 5
37 36 1
37 37 1
37 38 3
37 39 8
37 40 1
37 41 4
37 42 3
37 43 5
37 44 6
37 45 7
37 46 9
37 47 4
37 48 9
37 49 5
37 50 9
37 51 9
37 52 5
37 53 1
37 54 7
37 55 7
37 56 7
37 57 9
37 58 3
37 59 6
37 60 5
37 61 6
37 62 7
37 63 2
37 64 1
37 65 4
37 66 7
37 67 4
37 68 5
37 69 5
37 70 8
37 71 4
37 72 1
37 73 5
37 74 1
38 0 5
38 1 8
38 2 9
38 3 3
38 4 3
38 5 4
38 6 1
38 7 5
38 8 4
38 9 5
38 10 7
38 11 7
38 12 4
38 13 7
38 14 1
38 15 4
38 16 7
38 17 7
38 18 2
38 19 5
38 20 6
38 21 1
38 22 5
38 23 8
38 24 4
38 25 1
38 26 2
38 27 7
38 28 8
38 29 1
38 30 1
38 31 5
38 32 2
38 33 2
38 34 4
38 35 2
38 36 4
38 37 5
38 38 6
38 39 9
38 40 8
38 41 9
38 42 9
38 43 4
38 44 7
38 45 9
38 46 1
38 47 7
38 48 5
38 49 5
38 50 5
38 51 8
38 52 1
38 53 5
38 54 7
38 55 4
38 56 8
38 57 7
38 58 3
38 59 7
38 60 3
38 61 4
38 62 2
38 63 4
38 64 6
38 65 9
38 66 9
38 67 9
38 68 6
38 69 2
38 70 2
38 71 2
38 72 2
38 73 1
38 74 9
39 0 7
39 1 5
39 2 5
39 3 3
39 4 6
39 5 7
39 6 3
39 7 7
39 8 3
39 9 9
39 10 3
39 11 7
39 12 9
39 13 3
39 14 1
39 15 7
39 16 1
39 17 1
39 18 6
39 19 2
39 20 7
39 21 4
39 22 6
39 23 5
39 24 8
39 25 4
39 26 8
39 27 6
39 28 6
39 29 7
39 30 9
39 31 9
39 32 5
39 33 8
39 34 7
39 35 6
39 36 3
39 37 7
39 38 3
39 39 6
39 40 4
39 41 3
39 42 4
39 43 6
39 44 1
39 45 3
39 46 6
39 47 9
39 48 8
39 49 9
39 50 7
39 51 5
39 52 3
39 53 3
39 54 2
39 55 6
39 56 4
39 57 8
39 58 6
39 59 4
39 60 4
39 61 9
39 62 7
39 63 5
39 64 8
39 65 5
39 66 8
39 67 2
39 68 9
39 69 7
39 70 8
39 71 7
39 72 1
39 73 1
39 74 9
40 0 8
40 1 7
40 2 4
40 3 6
40 4 4
40 5 4
40 6 8
40 7 6
40 8 2
40 9 2
40 10 7
40 11 4
40 12 2
40 13 6
40 14 4
40 15 3
40 16 1
40 17 9
40 18 3
40 19 2
40 20 1
40 21 4
40 22 2
40 23 8
40 24 2
40 25 5
40 26 1
40 27 5
40 28 3
40 29 8
40 30 8
40 31 8
40 32 2
40 33 8
40 34 9
40 35 4
40 36 3
40 37 7
40 38 3
40 39 1
40 40 5
40 41 8
40 42 7
40 43 6
40 44 5
40 45 2
40 46 8
40 47 7
40 48 5
40 49 3
40 50 8
40 51 3
40 52 9
40 53 1
40 54 8
40 55 2
40 56 2
40 57 6
40 58 9
40 59 8
40 60 4
40 61 2
40 62 1
40 63 8
40 64 1
40 65 6
40 66 3
40 67 9
40 68 3
40 69 5
40 70 5
40 71 7
40 72 1
40 73 1
40 74 2
41 0 5
41 1 7
41 2 6
41 3 9
41 4 8
41 5 1
41 6 6
41 7 5
41 8 4
41 9 9
41 10 7
41 11 6
41 12 2
41 13 3
41 14 9
41 15 6
41 16 8
41 17 7
41 18 2
41 19 4
41 20 5
41 21 2
41 22 1
41 23 6
41 24 7
41 25 1
41 26 5
41 27 2
41 28 5
41 29 2
41 30 6
41 31 3
41 32 9
41 33 5
41 34 3
41 35 4
41 36 4
41 37 9
41 38 4
41 39 4
41 40 2
41 41 9
41 42 2
41 43 6
41 44 2
41 45 2
41 46 4
41 47 5
41 48 2
41 49 1
41 50 4
41 51 4
41 52 2
41 53 2
41 54 2
41 55 5
41 56 4
41 57 7
41 58 1
41 59 1
41 60 8
41 61 7
41 62 9
41 63 1
41 64 3
41 65 6
41 66 8
41 67 7
41 68 8
41 69 3
41 70 5
41 71 5
41 72 2
41 73 3
41 74 6
42 0 1
42 1 6
42 2 6
42 3 2
42 4 8
42 5 5
42 6 6
42 7 9
42 8 6
42 9 5
42 10 9
42 11 2
42 12 6
42 13 2
42 14 6
42 15 3
42 16 7
42 17 1
42 18 6
42 19 9
42 20 5
42 21 2
42 22 4
42 23 4
42 24 5
42 25 9
42 26 7
42 27 2
42 28 5
42 29 5
42 30 9
42 31 5
42 32 3
42 33 7
42 34 7
42 35 7
42 36 1
42 37 4
42 38 1
42 39 4
42 40 9
42 41 7
42 42 7
42 43 9
42 44 7
42 45 8
42 46 5
42 47 7
42 48 2
42 49 8
42 50 7
42 51 2
42 52 7
42 53 9
42 54 1
42 55 1
42 56 2
42 57 6
42 58 1
42 59 3
42 60 8
42 61 3
42 62 7
42 63 9
42 64 8
42 65 9
42 66 4
42 67 4
42 68 1
42 69 5
42 70 4
42 71 9
42 72 3
42 73 5
42 74 7
43 0 9
43 1 7
43 2 5
43 3 6
43 4 2
43 5 4
43 6 8
43 7 5
43 8 7
43 9 5
43 10 1
43 11 6
43 12 6
43 13 2
43 14 1
43 15 8
43 16 2
43 17 9
43 18 3
43 19 9
43 20 2
43 21 7
43 22 6
43 23 2
43 24 3
43 25 4
43 26 1
43 27 2
43 28 3
43 29 6
43 30 2
43 31 2
43 32 4
43 33 5
43 34 3
43 35 8
43 36 2
43 37 4
43 38 1
43 39 3
43 40 3
43 41 9
43 42 4
43 43 8
43 44 4
43 45 9
43 46 4
43 47 8
43 48 8
43 49 2
43 50 7
43 51 4
43 52 5
43 53 6
43 54 9
43 55 9
43 56 1
43 57 5
43 58 7
43 59 1
43 60 3
43 61 7
43 62 4
43 63 4
43 64 2
43 65 8
43 66 1
43 67 7
43 68 5
43 69 1
43 70 4
43 71 1
43 72 1
43 73 7
43 74 5
44 0 3
44 1 9
44 2 6
44 3 2
44 4 4
44 5 9
44 6 4
44 7 8
44 8 6
44 9 8
44 10 8
44 11 2
44 12 7
44 13 6
44 14 2
44 15 9
44 16 7
44 17 5
44 18 8
44 19 6
44 20 7
44 21 1
44 22 4
44 23 7
44 24 9
44 25 5
44 26 8
44 27 2
44 28 5
44 29 7
44 30 9
44 31 9
44 32 5
44 33 1
44 34 6
44 35 7
44 36 5
44 37 7
44 38 9
44 39 3
44 40 7
44 41 6
44 42 4
44 43 5
44 44 2
44 45 3
44 46 5
44 47 6
44 48 4
44 49 9
44 50 8
44 51 9
44 52 2
44 53 9
44 54 5
44 55 5
44 56 3
44 57 3
44 58 8
44 59 5
44 60 1
44 61 1
44 62 4
44 63 5
44 64 2
44 65 2
44 66 4
44 67 3
44 68 2
44 69 9
44 70 1
44 71 8
44 72 6
44 73 7
44 74 3
45 0 1
45 1 8
45 2 2
45 3 9
45 4 7
45 5 2
45 6 1
45 7 7
45 8 2
45 9 7
45 10 6
45 11 7
45 12 6
45 13 4
45 14 8
45 15 5
45 16 3
45 17 8
45 18 7
45 19 4
45 20 5
45 21 6
45 22 9
45 23 7
45 24 2
45 25 1
45 26 4
45 27 8
45 28 8
45 29 9
45 30 6
45 31 2
45 32 6
45 33 2
45 34 5
45 35 4
45 36 9
45 37 7
45 38 5
45 39 6
45 40 9
45 41 9
45 42 7
45 43 3
45 44 7
45 45 6
45 46 6
45 47 9
45 48 7
45 49 8
45 50 5
45 51 6
45 52 2
45 53 1
45 54 4
45 55 1
45 56 1
45 57 3
45 58 5
45 59 6
45 60 4
45 61 9
45 62 5
45 63 1
45 64 7
45 65 8
45 66 6
45 67 7
45 68 3
45 69 4
45 70 3
45 71 3
45 72 4
45 73 1
45 74 1
46 0 5
46 1 4
46 2 4
46 3 3
46 4 8
46 5 6
46 6 4
46 7 6
46 8 9
46 9 7
46 10 3
46 11 5
46 12 4
46 13 2
46 14 5
46 15 3
46 16 8
46 17 1
46 18 9
46 19 2
46 20 1
46 21 6
46 22 6
46 23 7
46 24 7
46 25 5
46 26 8
46 27 8
46 28 6
46 29 2
46 30 9
46 31 3
46 32 4
46 33 9
46 34 6
46 35 1
46 36 7
46 37 4
46 38 3
46 39 9
46 40 1
46 41 5
46 42 4
46 43 3
46 44 7
46 45 3
46 46 7
46 47 1
46 48 2
46 49 8
46 50 2
46 51 3
46 52 4
46 53 7
46 54 3
46 55 3
46 56 4
46 57 9
46 58 6
46 59 8
46 60 7
46 61 5
46 62 4
46 63 5
46 64 2
46 65 5
46 66 9
46 67 1
46 68 2
46 69 3
46 70 6
46 71 8
46 72 1
46 73 5
46 74 6
47 0 1
47 1 6
47 2 4
47 3 8
47 4 4
47 5 9
47 6 8
47 7 7
47 8 8
47 9 7
47 10 5
47 11 1
47 12 8
47 13 1
47 14 5
47 15 7
47 16 6
47 17 3
47 18 8
47 19 5
47 20 4
47 21 7
47 22 5
47 23 9
47 24 6
47 25 2
47 26 9
47 27 5
47 28 1
47 29 7
47 30 6
47 31 5
47 32 6
47 33 8
47 34 6
47 35 1
47 36 2
47 37 8
47 38 6
47 39 4
47 40 5
47 41 3
47 42 9
47 43 2
47 44 7
47 45 9
47 46 9
47 47 3
47 48 9
47 49 5
47 50 3
47 51 8
47 52 7
47 53 8
47 54 8
47 55 6
47 56 6
47 57 3
47 58 1
47 59 8
47 60 2
47 61 7
47 62 1
47 63 3
47 64 1
47 65 2
47 66 1
47 67 2
47 68 6
47 69 2
47 70 4
47 71 7
47 72 1
47 73 3
47 74 6
48 0 5
48 1 4
48 2 2
48 3 9
48 4 8
48 5 8
48 6 4
48 7 4
48 8 9
48 9 3
48 10 4
48 11 5
48 12 9
48 13 1
48 14 2
48 15 5
48 16 9
48 17 8
48 18 5
48 19 8
48 20 4
48 21 7
48 22 4
48 23 3
48 24 9
48 25 8
48 26 3
48 27 9
48 28 4
48 29 2
48 30 8
48 31 8
48 32 7
48 33 3
48 34 9
48 35 7
48 36 3
48 37 1
48 38 7
48 39 9
48 40 3
48 41 4
48 42 8
48 43 1
48 44 1
48 45 8
48 46 9
48 47 6
48 48 6
48 49 1
48 50 3
48 51 7
48 52 1
48 53 7
48 54 9
48 55 7
48 56 5
48 57 1
48 58 2
48 59 9
48 60 2
48 61 5
48 62 1
48 63 2
48 64 2
48 65 7
48 66 9
48 67 9
48 68 5
48 69 9
48 70 2
48 71 5
48 72 8
48 73 1
48 74 1
49 0 8
49 1 7
49 2 2
49 3 2
49 4 5
49 5 9
49 6 3
49 7 8
49 8 1
49 9 2
49 10 2
49 11 8
49 12 7
49 13 1
49 14 5
49 15 1
49 16 4
49 17 5
49 18 5
49 19 2
49 20 3
49 21 9
49 22 2
49 23 6
49 24 5
49 25 9
49 26 9
49 27 8
49 28 7
49 29 1
49 30 4
49 31 8
49 32 5
49 33 7
49 34 1
49 35 7
49 36 3
49 37 7
49 38 2
49 39 4
49 40 9
49 41 2
49 42 8
49 43 4
49 44 8
49 45 6
49 46 4
49 47 6
49 48 2
49 49 9
49 50 7
49 51 1
49 52 2
49 53 5
49 54 8
49 55 5
49 56 1
49 57 3
49 58 9
49 59 9
49 60 4
49 61 1
49 62 7
49 63 8
49 64 8
49 65 9
49 66 9
49 67 9
49 68 6
49 69 4
49 70 8
49 71 6
49 72 1
49 73 2
49 74 1
50 0 6
50 1 1
50 2 2
50 3 9
50 4 1
50 5 9
50 6 1
50 7 7
50 8 9
50 9 5
50 10 1
50 11 8
50 12 6
50 13 1
50 14 7
50 15 6
50 16 1
50 17 8
50 18 5
50 19 2
50 20 2
50 21 1
50 22 7
50 23 7
50 24 7
50 25 9
50 26 5
50 27 5
50 28 6
50 29 3
50 30 3
50 31 1
50 32 1
50 33 5
50 34 3
50 35 8
50 36 5
50 37 7
50 38 1
50 39 3
50 40 3
50 41 1
50 42 6
50 43 3
50 44 1
50 45 2
50 46 3
50 47 2
50 48 7
50 49 5
50 50 8
50 51 9
50 52 2
50 53 6
50 54 8
50 55 2
50 56 3
50 57 1
50 58 3
50 59 7
50 60 7
50 61 2
50 62 3
50 63 4
50 64 8
50 65 4
50 66 2
50 67 5
50 68 8
50 69 8
50 70 3
50 71 3
50 72 8
50 73 4
50 74 9
51 0 2
51 1 5
51 2 9
51 3 9
51 4 3
51 5 4
51 6 1
51 7 8
51 8 3
51 9 5
51 10 9
51 11 1
51 12 2
51 13 4
51 14 3
51 15 1
51 16 1
51 17 9
51 18 6
51 19 7
51 20 9
51 21 5
51 22 6
51 23 5
51 24 9
51 25 7
51 26 6
51 27 4
51 28 7
51 29 1
51 30 2
51 31 7
51 32 3
51 33 3
51 34 4
51 35 4
51 36 1
51 37 1
51 38 7
51 39 6
51 40 2
51 41 8
51 42 7
51 43 7
51 44 8
51 45 5
51 46 1
51 47 6
51 48 3
51 49 5
51 50 2
51 51 9
51 52 6
51 53 9
51 54 7
51 55 2
51 56 7
51 57 3
51 58 6
51 59 1
51 60 6
51 61 2
51 62 1
51 63 1
51 64 4
51 65 1
51 66 6
51 67 3
51 68 6
51 69 4
51 70 1
51 71 8
51 72 9
51 73 4
51 74 2
52 0 9
52 1 9
52 2 8
52 3 3
52 4 3
52 5 9
52 6 4
52 7 1
52 8 6
52 9 5
52 10 2
52 11 1
52 12 3
52 13 7
52 14 1
52 15 6
52 16 3
52 17 5
52 18 9
52 19 7
52 20 7
52 21 1
52 22 8
52 23 1
52 24 3
52 25 2
52 26 5
52 27 6
52 28 9
52 29 2
52 30 2
52 31 5
52 32 4
52 33 5
52 34 6
52 35 2
52 36 4
52 37 2
52 38 8
52 39 1
52 40 7
52 41 6
52 42 8
52 43 1
52 44 7
52 45 9
52 46 4
52 47 5
52 48 3
52 49 2
52 50 4
52 51 4
52 52 9
52 53 7
52 54 4
52 55 3
52 56 8
52 57 2
52 58 8
52 59 3
52 60 1
52 61 2
52 62 5
52 63 1
52 64 5
52 65 4
52 66 9
52 67 4
52 68 8
52 69 8
52 70 5
52 71 2
52 72 6
52 73 5
52 74 9
53 0 4
53 1 3
53 2 6
53 3 2
53 4 4
53 5 7
53 6 9
53 7 2
53 8 9
53 9 7
53 10 7
53 11 5
53 12 5
53 13 7
53 14 7
53 15 1
53 16 9
53 17 5
53 18 4
53 19 3
53 20 8
53 21 9
53 22 6
53 23 8
53 24 4
53 25 7
53 26 2
53 27 2
53 28 5
53 29 6
53 30 7
53 31 8
53 32 3
53 33 4
53 34 9
53 35 2
53 36 6
53 37 8
53 38 4
53 39 6
53 40 7
53 41 3
53 42 8
53 43 1
53 44 1
53 45 9
53 46 2
53 47 3
53 48 5
53 49 6
53 50 2
53 51 4
53 52 5
53 53 7
53 54 3
53 55 9
53 56 7
53 57 7
53 58 9
53 59 7
53 60 2
53 61 4
53 62 4
53 63 4
53 64 7
53 65 3
53 66 5
53 67 3
53 68 5
53 69 2
53 70 9
53 71 6
53 72 2
53 73 5
53 74 1
54 0 4
54 1 8
54 2 9
54 3 6
54 4 1
54 5 5
54 6 6
54 7 7
54 8 9
54 9 1
54 10 8
54 11 6
54 12 7
54 13 5
54 14 6
54 15 6
54 16 5
54 17 2
54 18 8
54 19 9
54 20 9
54 21 4
54 22 5
54 23 1
54 24 9
54 25 1
54 26 4
54 27 8
54 28 7
54 29 2
54 30 5
54 31 8
54 32 9
54 33 8
54 34 4
54 35 2
54 36 4
54 37 2
54 38 2
54 39 9
54 40 8
54 41 9
54 42 7
54 43 3
54 44 6
54 45 2
54 46 6
54 47 8
54 48 1
54 49 7
54 50 6
54 51 3
54 52 6
54 53 8
54 54 8
54 55 6
54 56 2
54 57 1
54 58 9
54 59 2
54 60 2
54 61 8
54 62 8
54 63 9
54 64 2
54 65 9
54 66 1
54 67 3
54 68 7
54 69 1
54 70 6
54 71 8
54 72 1
54 73 4
54 74 5
55 0 7
55 1 6
55 2 5
55 3 9
55 4 3
55 5 9
55 6 1
55 7 4
55 8 9
55 9 1
55 10 3
55 11 7
55 12 5
55 13 6
55 14 9
55 15 9
55 16 3
55 17 7
55 18 9
55 19 6
55 20 8
55 21 6
55 22 5
55 23 2
55 24 8
55 25 9
55 26 5
55 27 3
55 28 6
55 29 3
55 30 1
55 31 1
55 32 9
55 33 2
55 34 3
55 35 2
55 36 2
55 37 8
55 38 6
55 39 6
55 40 4
55 41 3
55 42 5
55 43 4
55 44 3
55 45 2
55 46 6
55 47 8
55 48 3
55 49 8
55 50 8
55 51 7
55 52 3
55 53 7
55 54 7
55 55 3
55 56 3
55 57 7
55 58 6
55 59 8
55 60 8
55 61 6
55 62 1
55 63 2
55 64 9
55 65 5
55 66 3
55 67 8
55 68 9
55 69 7
55 70 5
55 71 2
55 72 4
55 73 8
55 74 8
56 0 7
56 1 5
56 2 2
56 3 3
56 4 2
56 5 1
56 6 8
56 7 4
56 8 5
56 9 5
56 10 5
56 11 7
56 12 9
56 13 4
56 14 4
56 15 3
56 16 7
56 17 2
56 18 3
56 19 6
56 20 6
56 21 3
56 22 4
56 23 1
56 24 9
56 25 5
56 26 8
56 27 7
56 28 7
56 29 8
56 30 4
56 31 6
56 32 1
56 33 4
56 34 4
56 35 8
56 36 5
56 37 7
56 38 9
56 39 5
56 40 3
56 41 7
56 42 1
56 43 7
56 44 3
56 45 1
56 46 5
56 47 2
56 48 2
56 49 4
56 50 9
56 51 2
56 52 2
56 53 8
56 54 8
56 55 4
56 56 8
56 57 9
56 58 4
56 59 8
56 60 4
56 61 2
56 62 2
56 63 1
56 64 5
56 65 7
56 66 7
56 67 8
56 68 7
56 69 7
56 70 9
56 71 6
56 72 5
56 73 2
56 74 8
57 0 9
57 1 2
57 2 7
57 3 3
57 4 7
57 5 8
57 6 6
57 7 5
57 8 3
57 9 9
57 10 8
57 11 3
57 12 5
57 13 3
57 14 2
57 15 2
57 16 9
57 17 7
57 18 7
57 19 3
57 20 9
57 21 1
57 22 3
57 23 3
57 24 7
57 25 9
57 26 6
57 27 7
57 28 2
57 29 8
57 30 1
57 31 7
57 32 9
57 33 7
57 34 4
57 35 6
57 36 1
57 37 8
57 38 9
57 39 1
57 40 3
57 41 6
57 42 7
57 43 1
57 44 5
57 45 3
57 46 5
57 47 2
57 48 8
57 49 7
57 50 2
57 51 3
57 52 5
57 53 7
57 54 7
57 55 4
57 56 9
57 57 6
57 58 9
57 59 3
57 60 6
57 61 1
57 62 3
57 63 1
57 64 2
57 65 3
57 66 9
57 67 6
57 68 6
57 69 9
57 70 9
57 71 5
57 72 9
57 73 1
57 74 6
58 0 7
58 1 8
58 2 8
58 3 5
58 4 7
58 5 7
58 6 8
58 7 1
58 8 2
58 9 6
58 10 9
58 11 2
58 12 6
58 13 9
58 14 7
58 15 2
58 16 5
58 17 9
58 18 4
58 19 3
58 20 7
58 21 1
58 22 5
58 23 6
58 24 7
58 25 6
58 26 4
58 27 2
58 28 7
58 29 4
58 30 9
58 31 2
58 32 3
58 33 3
58 34 3
58 35 1
58 36 5
58 37 3
58 38 7
58 39 5
58 40 3
58 41 1
58 42 9
58 43 9
58 44 8
58 45 3
58 46 4
58 47 8
58 48 8
58 49 1
58 50 6
58 51 2
58 52 8
58 53 9
58 54 8
58 55 4
58 56 3
58 57 6
58 58 9
58 59 9
58 60 4
58 61 5
58 62 6
58 63 7
58 64 9
58 65 7
58 66 7
58 67 8
58 68 7
58 69 5
58 70 1
58 71 3
58 72 7
58 73 2
58 74 4
59 0 9
59 1 8
59 2 9
59 3 2
59 4 8
59 5 1
59 6 1
59 7 1
59 8 8
59 9 1
59 10 3
59 11 1
59 12 4
59 13 2
59 14 8
59 15 7
59 16 8
59 17 2
59 18 7
59 19 2
59 20 2
59 21 4
59 22 5
59 23 5
59 24 8
59 25 6
59 26 3
59 27 7
59 28 5
59 29 7
59 30 6
59 31 8
59 32 5
59 33 5
59 34 7
59 35 7
59 36 5
59 37 5
59 38 6
59 39 8
59 40 2
59 41 5
59 42 3
59 43 9
59 44 7
59 45 4
59 46 7
59 47 7
59 48 5
59 49 2
59 50 3
59 51 9
59 52 4
59 53 6
59 54 5
59 55 2
59 56 9
59 57 3
59 58 5
59 59 3
59 60 5
59 61 6
59 62 6
59 63 6
59 64 3
59 65 7
59 66 1
59 67 8
59 68 1
59 69 1
59 70 3
59 71 5
59 72 8
59 73 3
59 74 7
60 0 7
60 1 2
60 2 6
60 3 3
60 4 6
60 5 5
60 6 7
60 7 1
60 8 7
60 9 5
60 10 3
60 11 5
60 12 2
60 13 3
60 14 6
60 15 8
60 16 7
60 17 9
60 18 7
60 19 3
60 20 8
60 21 3
60 22 8
60 23 9
60 24 4
60 25 7
60 26 9
60 27 9
60 28 2
60 29 9
60 30 6
60 31 5
60 32 5
60 33 2
60 34 2
60 35 5
60 36 5
60 37 1
60 38 7
60 39 8
60 40 6
60 41 1
60 42 3
60 43 7
60 44 8
60 45 1
60 46 6
60 47 3
60 48 3
60 49 3
60 50 3
60 51 6
60 52 9
60 53 4
60 54 3
60 55 3
60 56 2
60 57 9
60 58 2
60 59 9
60 60 8
60 61 1
60 62 2
60 63 8
60 64 8
60 65 2
60 66 1
60 67 9
60 68 5
60 69 7
60 70 5
60 71 9
60 72 5
60 73 2
60 74 4
61 0 9
61 1 6
61 2 1
61 3 4
61 4 2
61 5 4
61 6 1
61 7 6
61 8 3
61 9 4
61 10 1
61 11 9
61 12 1
61 13 9
61 14 4
61 15 2
61 16 3
61 17 9
61 18 8
61 19 5
61 20 9
61 21 2
61 22 4
61 23 5
61 24 8
61 25 7
61 26 3
61 27 8
61 28 1
61 29 8
61 30 3
61 31 6
61 32 5
61 33 2
61 34 7
61 35 4
61 36 9
61 37 3
61 38 6
61 39 2
61 40 8
61 41 9
61 42 6
61 43 7
61 44 6
61 45 5
61 46 6
61 47 5
61 48 2
61 49 9
61 50 1
61 51 3
61 52 2
61 53 1
61 54 6
61 55 4
61 56 5
61 57 9
61 58 6
61 59 9
61 60 6
61 61 3
61 62 4
61 63 7
61 64 9
61 65 3
61 66 9
61 67 3
61 68 2
61 69 3
61 70 6
61 71 9
61 72 5
61 73 2
61 74 4
62 0 6
62 1 1
62 2 7
62 3 3
62 4 5
62 5 4
62 6 4
62 7 3
62 8 4
62 9 3
62 10 2
62 11 5
62 12 4
62 13 4
62 14 1
62 15 3
62 16 6
62 17 5
62 18 7
62 19 8
62 20 8
62 21 7
62 22 2
62 23 7
62 24 8
62 25 1
62 26 8
62 27 9
62 28 9
62 29 7
62 30 8
62 31 7
62 32 7
62 33 5
62 34 1
62 35 8
62 36 8
62 37 6
62 38 6
62 39 4
62 40 6
62 41 2
62 42 9
62 43 8
62 44 7
62 45 6
62 46 4
62 47 5
62 48 8
62 49 8
62 50 7
62 51 6
62 52 4
62 53 3
62 54 6
62 55 3
62 56 6
62 57 5
62 58 3
62 59 9
62 60 7
62 61 3
62 62 9
62 63 2
62 64 3
62 65 5
62 66 6
62 67 2
62 68 3
62 69 8
62 70 1
62 71 2
62 72 5
62 73 3
62 74 8
63 0 4
63 1 9
63 2 8
63 3 5
63 4 5
63 5 3
63 6 7
63 7 7
63 8 8
63 9 2
63 10 5
63 11 3
63 12 7
63 13 4
63 14 3
63 15 9
63 16 7
63 17 9
63 18 8
63 19 1
63 20 4
63 21 5
63 22 5
63 23 2
63 24 2
63 25 6
63 26 7
63 27 6
63 28 6
63 29 4
63 30 4
63 31 7
63 32 4
63 33 8
63 34 3
63 35 7
63 36 3
63 37 6
63 38 2
63 39 5
63 40 1
63 41 6
63 42 7
63 43 1
63 44 9
63 45 7
63 46 1
63 47 2
63 48 4
63 49 6
63 50 5
63 51 6
63 52 6
63 53 4
63 54 9
63 55 7
63 56 2
63 57 9
63 58 8
63 59 9
63 60 4
63 61 5
63 62 1
63 63 8
63 64 8
63 65 7
63 66 7
63 67 6
63 68 9
63 69 4
63 70 8
63 71 3
63 72 1
63 73 1
63 74 6
64 0 2
64 1 4
64 2 9
64 3 4
64 4 3
64 5 3
64 6 9
64 7 4
64 8 3
64 9 5
64 10 6
64 11 5
64 12 2
64 13 8
64 14 4
64 15 1
64 16 2
64 17 6
64 18 8
64 19 7
64 20 7
64 21 8
64 22 4
64 23 7
64 24 2
64 25 7
64 26 1
64 27 7
64 28 4
64 29 7
64 30 1
64 31 2
64 32 1
64 33 7
64 34 9
64 35 5
64 36 5
64 37 5
64 38 7
64 39 6
64 40 7
64 41 2
64 42 5
64 43 2
64 44 3
64 45 1
64 46 3
64 47 5
64 48 3
64 49 6
64 50 7
64 51 4
64 52 4
64 53 2
64 54 2
64 55 9
64 56 2
64 57 9
64 58 9
64 59 1
64 60 8
64 61 2
64 62 6
64 63 5
64 64 2
64 65 6
64 66 1
64 67 9
64 68 1
64 69 6
64 70 8
64 71 6
64 72 6
64 73 8
64 74 8
65 0 5
65 1 8
65 2 7
65 3 4
65 4 7
65 5 7
65 6 5
65 7 7
65 8 3
65 9 5
65 10 5
65 11 2
65 12 5
65 13 5
65 14 7
65 15 1
65 16 7
65 17 5
65 18 9
65 19 1
65 20 9
65 21 7
65 22 5
65 23 3
65 24 8
65 25 7
65 26 7
65 27 7
65 28 1
65 29 6
65 30 9
65 31 7
65 32 2
65 33 2
65 34 4
65 35 7
65 36 4
65 37 2
65 38 3
65 39 2
65 40 5
65 41 4
65 42 4
65 43 9
65 44 8
65 45 8
65 46 9
65 47 2
65 48 2
65 49 5
65 50 4
65 51 4
65 52 5
65 53 5
65 54 9
65 55 9
65 56 7
65 57 6
65 58 9
65 59 9
65 60 9
65 61 8
65 62 7
65 63 2
65 64 7
65 65 4
65 66 7
65 67 7
65 68 1
65 69 3
65 70 4
65 71 5
65 72 3
65 73 9
65 74 7
66 0 4
66 1 1
66 2 4
66 3 3
66 4 6
66 5 3
66 6 3
66 7 7
66 8 6
66 9 2
66 10 7
66 11 2
66 12 9
66 13 2
66 14 3
66 15 6
66 16 7
66 17 6
66 18 4
66 19 7
66 20 1
66 21 6
66 22 2
66 23 2
66 24 4
66 25 6
66 26 6
66 27 6
66 28 9
66 29 8
66 30 9
66 31 1
66 32 9
66 33 5
66 34 3
66 35 5
66 36 1
66 37 4
66 38 6
66 39 2
66 40 2
66 41 2
66 42 1
66 43 1
66 44 5
66 45 5
66 46 1
66 47 1
66 48 5
66 49 3
66 50 5
66 51 8
66 52 5
66 53 9
66 54 1
66 55 5
66 56 1
66 57 5
66 58 5
66 59 1
66 60 6
66 61 1
66 62 6
66 63 3
66 64 3
66 65 7
66 66 5
66 67 5
66 68 6
66 69 6
66 70 7
66 71 2
66 72 4
66 73 5
66 74 9
67 0 4
67 1 7
67 2 2
67 3 8
67 4 3
67 5 8
67 6 3
67 7 1
67 8 6
67 9 1
67 10 7
67 11 2
67 12 7
67 13 3
67 14 2
67 15 3
67 16 4
67 17 8
67 18 9
67 19 6
67 20 7
67 21 5
67 22 5
67 23 7
67 24 3
67 25 4
67 26 1
67 27 7
67 28 1
67 29 9
67 30 6
67 31 5
67 32 9
67 33 8
67 34 3
67 35 8
67 36 2
67 37 6
67 38 6
67 39 5
67 40 8
67 41 8
67 42 3
67 43 5
67 44 7
67 45 6
67 46 3
67 47 8
67 48 3
67 49 8
67 50 8
67 51 2
67 52 6
67 53 5
67 54 2
67 55 1
67 56 1
67 57 2
67 58 6
67 59 2
67 60 2
67 61 9
67 62 3
67 63 2
67 64 1
67 65 9
67 66 5
67 67 3
67 68 5
67 69 9
67 70 9
67 71 9
67 72 1
67 73 7
67 74 1
68 0 2
68 1 8
68 2 4
68 3 2
68 4 1
68 5 6
68 6 8
68 7 9
68 8 9
68 9 6
68 10 2
68 11 6
68 12 8
68 13 9
68 14 2
68 15 8
68 16 8
68 17 6
68 18 3
68 19 3
68 20 5
68 21 6
68 22 2
68 23 6
68 24 2
68 25 1
68 26 5
68 27 5
68 28 6
68 29 7
68 30 7
68 31 9
68 32 7
68 33 7
68 34 7
68 35 1
68 36 3
68 37 5
68 38 8
68 39 9
68 40 7
68 41 7
68 42 4
68 43 8
68 44 3
68 45 3
68 46 4
68 47 3
68 48 8
68 49 8
68 50 6
68 51 9
68 52 9
68 53 5
68 54 6
68 55 8
68 56 3
68 57 7
68 58 4
68 59 2
68 60 5
68 61 5
68 62 6
68 63 4
68 64 6
68 65 8
68 66 9
68 67 8
68 68 3
68 69 2
68 70 9
68 71 7
68 72 2
68 73 5
68 74 8
69 0 9
69 1 4
69 2 8
69 3 8
69 4 8
69 5 8
69 6 9
69 7 3
69 8 3
69 9 4
69 10 8
69 11 9
69 12 2
69 13 2
69 14 3
69 15 9
69 16 2
69 17 8
69 18 5
69 19 2
69 20 6
69 21 9
69 22 6
69 23 4
69 24 4
69 25 8
69 26 7
69 27 6
69 28 8
69 29 6
69 30 3
69 31 7
69 32 6
69 33 8
69 34 1
69 35 6
69 36 6
69 37 9
69 38 6
69 39 4
69 40 3
69 41 8
69 42 2
69 43 1
69 44 8
69 45 2
69 46 2
69 47 2
69 48 7
69 49 5
69 50 3
69 51 1
69 52 9
69 53 2
69 54 1
69 55 9
69 56 5
69 57 5
69 58 8
69 59 5
69 60 4
69 61 4
69 62 6
69 63 2
69 64 2
69 65 7
69 66 6
69 67 6
69 68 4
69 69 1
69 70 7
69 71 3
69 72 2
69 73 6
69 74 2
70 0 9
70 1 3
70 2 6
70 3 4
70 4 2
70 5 1
70 6 9
70 7 9
70 8 1
70 9 7
70 10 3
70 11 3
70 12 5
70 13 3
70 14 4
70 15 8
70 16 8
70 17 8
70 18 2
70 19 8
70 20 6
70 21 9
70 22 5
70 23 2
70 24 8
70 25 1
70 26 5
70 27 3
70 28 9
70 29 3
70 30 7
70 31 1
70 32 7
70 33 6
70 34 8
70 35 6
70 36 3
70 37 8
70 38 9
70 39 8
70 40 4
70 41 2
70 42 2
70 43 2
70 44 3
70 45 1
70 46 5
70 47 4
70 48 7
70 49 2
70 50 1
70 51 1
70 52 4
70 53 3
70 54 9
70 55 3
70 56 3
70 57 3
70 58 1
70 59 6
70 60 1
70 61 1
70 62 1
70 63 4
70 64 4
70 65 4
70 66 8
70 67 6
70 68 4
70 69 9
70 70 1
70 71 8
70 72 6
70 73 2
70 74 2
71 0 4
71 1 4
71 2 1
71 3 7
71 4 8
71 5 6
71 6 8
71 7 4
71 8 3
71 9 2
71 10 4
71 11 8
71 12 7
71 13 2
71 14 4
71 15 4
71 16 5
71 17 3
71 18 1
71 19 1
71 20 5
71 21 1
71 22 2
71 23 4
71 24 7
71 25 7
71 26 2
71 27 9
71 28 1
71 29 7
71 30 6
71 31 5
71 32 1
71 33 4
71 34 9
71 35 8
71 36 9
71 37 4
71 38 2
71 39 9
71 40 7
71 41 1
71 42 7
71 43 3
71 44 5
71 45 8
71 46 3
71 47 9
71 48 5
71 49 5
71 50 7
71 51 5
71 52 7
71 53 4
71 54 4
71 55 7
71 56 5
71 57 1
71 58 6
71 59 1
71 60 2
71 61 2
71 62 7
71 63 5
71 64 4
71 65 4
71 66 4
71 67 6
71 68 4
71 69 9
71 70 7
71 71 2
71 72 5
71 73 9
71 74 3
72 0 5
72 1 1
72 2 1
72 3 3
72 4 9
72 5 5
72 6 8
72 7 7
72 8 3
72 9 7
72 10 7
72 11 4
72 12 9
72 13 8
72 14 3
72 15 2
72 16 6
72 17 9
72 18 9
72 19 7
72 20 9
72 21 6
72 22 5
72 23 9
72 24 2
72 25 5
72 26 7
72 27 7
72 28 9
72 29 2
72 30 2
72 31 1
72 32 5
72 33 9
72 34 6
72 35 6
72 36 6
72 37 7
72 38 9
72 39 2
72 40 7
72 41 8
72 42 4
72 43 7
72 44 7
72 45 1
72 46 2
72 47 3
72 48 3
72 49 1
72 50 3
72 51 8
72 52 9
72 53 7
72 54 2
72 55 3
72 56 2
72 57 7
72 58 8
72 59 7
72 60 7
72 61 9
72 62 4
72 63 6
72 64 8
72 65 5
72 66 8
72 67 3
72 68 2
72 69 4
72 70 6
72 71 3
72 72 5
72 73 7
72 74 8
73 0 1
73 1 4
73 2 9
73 3 2
73 4 3
73 5 3
73 6 6
73 7 4
73 8 3
73 9 6
73 10 7
73 11 6
73 12 6
73 13 3
73 14 9
73 15 5
73 16 2
73 17 3
73 18 1
73 19 8
73 20 4
73 21 7
73 22 6
73 23 3
73 24 2
73 25 3
73 26 1
73 27 2
73 28 4
73 29 1
73 30 9
73 31 2
73 32 9
73 33 9
73 34 5
73 35 4
73 36 7
73 37 3
73 38 1
73 39 9
73 40 1
73 41 8
73 42 3
73 43 8
73 44 1
73 45 8
73 46 2
73 47 2
73 48 8
73 49 1
73 50 3
73 51 9
73 52 5
73 53 6
73 54 9
73 55 8
73 56 1
73 57 8
73 58 3
73 59 7
73 60 4
73 61 6
73 62 6
73 63 1
73 64 7
73 65 7
73 66 1
73 67 2
73 68 3
73 69 2
73 70 8
73 71 6
73 72 8
73 73 4
73 74 6
74 0 8
74 1 3
74 2 6
74 3 4
74 4 3
74 5 8
74 6 9
74 7 5
74 8 5
74 9 4
74 10 5
74 11 9
74 12 8
74 13 8
74 14 3
74 15 6
74 16 3
74 17 1
74 18 8
74 19 6
74 20 5
74 21 2
74 22 3
74 23 9
74 24 9
74 25 8
74 26 2
74 27 6
74 28 8
74 29 7
74 30 1
74 31 1
74 32 6
74 33 9
74 34 7
74 35 5
74 36 9
74 37 5
74 38 1
74 39 3
74 40 8
74 41 4
74 42 4
74 43 2
74 44 6
74 45 8
74 46 6
74 47 5
74 48 9
74 49 2
74 50 4
74 51 4
74 52 5
74 53 2
74 54 8
74 55 5
74 56 2
74 57 1
74 58 4
74 59 1
74 60 2
74 61 1
74 62 9
74 63 7
74 64 3
74 65 2
74 66 2
74 67 7
74 68 6
74 69 1
74 70 5
74 71 1
74 72 9
74 73 9
74 74 3
